0.178886
0.665689
0.231672
0.812317
0.348974
0.521994
0.369501
0.642229
0.114598
0.822753
0.337243
0.964809
0.0646449
0.843322
0.16129
0.964809
0.228283
0.319011
0.774194
0.967742
0.228283
0.532661
0.774194
0.967742
0.0281525
0.92434
0.580645
0.824047
0.0281525
0.92434
0.369501
0.824047
0.484375
0.576172
0.485302
0.686525
0.476562
0.595703
0.477411
0.702308
0
0
0
0
0
0
0
0
0
0
0
0
0
0
0
0
0
0
0
0
0
0
0
0
0.20275
0.570051
0.246334
0.958944
0.187683
0.60825
0.217009
0.991202
0.159531
0.844575
0.346041
0.431085
0.159531
0.844575
0.346041
0.733138
0
0
2
3
0
0
0
1
6
1
0
0
1
1
0
1
0
1
1
0
0
0
0
1
0
0
0
1
0
0
0
0
0
0
0
0
0
0
0
0
0
0
0
0
0
0
0
0
0
0
0
0
0
0
0
0
0
0
0
0
0
0
0
0
0
0
0
0
0
0
0
0
0
0
0
0
0
0
0
0
0
0
0
0
0
0
0
0
0
0
0
0
0
0
0
0
0
0
0
0
0
0
0
0
0
0
0
0
0
0
0
0
0
0
0
0
0
0
0
0
0
0
0
0
0
0
0
0
0
0
0
0
0
0
0
0
0
0
0
0
0
0
0
0
0
